0189
0780
8043
0230
5990
8356
3424
2996
3517
4700
5641
1742
2797
1947
6984
3738
4712
1692
5006
6554
7574
1445
7761
7186
9804
9725
0058
5339
7931
7342
9813
3467
3341
0568
1214
8073
9292
9535
1469
0785
6562
1304
4003
3213
7540
8132
5375
1950
3906
8877
8265
9283
9852
8354
8431
4402
7696
8735
5562
9481
2766
8447
4492
3246
7296
0322
3200
9770
4578
1700
2492
2236
0900
2230
1513
3360
1002
1939
8426
9461
2281
4810
4399
5906
0224
7111
5042
0987
2467
3508
5396
0360
2886
1296
0326
5810
8042
5209
7493
0960
9197
0927
8155
3838
3198
4230
8485
0125
1573
7770
6671
7356
0677
2398
4037
4018
2694
0572
4347
7195
0932
2147
5084
5945
2496
6227
7637
4079
1270
0336
1866
5650
1048
9620
1389
1297
1509
9532
5659
4280
0957
4672
5765
0389
9630
0030
6547
1276
9044
1772
6533
1412
2381
3782
1660
2584
3572
6533
4641
0189
9594
7374
0052
5143
4108
0365
1326
3992
6355
1392
0820
7744
1403
4642
9254
0848
1067
7120
5574
8164
9912
0072
1369
9554
8572
8562
3662
2224
1405
7374
7445
5492
9787
6253
7291
9113
0127
3154
3907
6063
2417
9629
3259
9724
8470
1545
3035
6379
2149
9650
7953
8003
3705
7785
6509
8442
9876
7667
2822
1331
6281
8547
4504
7788
3865
0691
7559
7293
4169
2621
2965
5324
8530
4006
5461
9487
8263
8339
0893
2164
1427
6310
2029
2486
2140
7406
1963
6882
9137
0524
7919
7516
0121
7261
9394
4093
2454
8206
6338
7792
4611
5264
7451
1577
8772
6389
1416
7446
0197
6481
0653
2596
4378
5128
0422
7819
7481
4983
2857
5672
0582
3127
3697
1221
5378
8133
0813
0639
5882
6253
7844
6005
0373
0536
8670
1069
5834
6902
2164
4071
9770
6523
1884
2973
8951
9616
8942
4132
5304
5057
9438
9281
0908
9726
0863
2947
2285
0419
7035
2876
4175
4399
2258
5704
0914
9756
5814
9265
7649
1148
6392
2666
4714
3653
2651
6126
7250
1536
7681
8837
7269
1268
7078
1398
6511
2824
9943
8800
7153
0784
9769
9926
1515
7688
6807
0718
7322
8881
0426
8075
0764
8525
2611
9366
4384
3241
7223
8558
5535
4761
2694
2181
2807
4663
6263
4925
2403
1486
1888
7715
6839
7760
0305
5676
1784
4963
1914
7709
0144
4052
1942
1399
9737
5000
9748
5908
5906
2526
6676
0448
2538
3101
4309
2784
1890
0929
9832
1984
8835
7491
1921
1461
8741
0063
2275
0452
5789
3320
2275
4485
1551
6043
6603
6806
2200
9248
6557
6861
2492
6154
9979
2274
1145
4165
6052
3783
0576
0390
5745
8372
4673
1956
1231
4633
6341
1045
2752
8258
1271
0875
8553
0598
8714
7499
6856
3861
6567
6513
4977
9624
2353
8955
3991
9877
3942
9353
1265
2232
5465
9096
9851
4643
6797
4249
5285
0207
3663
8695
0070
0629
7347
9543
2918
9516
7663
1247
9184
1339
9867
0289
8457
4428
2555
4854
5149
6630
4902
1093
0941
2473
6470
6648
0351
0569
0698
1992
8285
8441
5274
5644
4313
7230
1156
6722
6271
2000
2195
7520
0734
4465
1601
2324
9181
7107
0707
5183
7783
2350
0466
4520
3121
4451
4047
2831
0565
4053
4339
3831
0397
5201
9053
7473
4056
2488
5672
9144
1022
1637
2192
8421
0999
7679
2650
3704
0839
3555
4960
4230
5801
6068
4002
9652
4584
8171
1962
7606
6161
3302
7068
4979
3290
1952
6194
8860
1310
0043
1887
9024
8315
0391
2537
0691
7365
1868
6369
8226
3082
8038
9549
2605
6543
7723
3038
3674
0840
2013
7298
0035
0703
0197
0704
6129
2913
2991
1204
1892
0434
9984
2176
6830
0801
0285
9740
4023
6800
7133
3042
3482
9840
2114
0939
1101
6931
7555
7567
5879
1678
4414
4909
2129
2871
0290
3992
1771
8408
9904
3587
8835
3679
8846
5841
9597
4321
6174
2540
9975
6929
5567
4334
8087
3781
8482
2762
5148
3461
3933
6203
8271
4537
9417
5729
7768
0925
6668
9834
1877
0422
8195
1706
8286
0103
5150
9113
2614
1768
1286
1300
1979
2188
2935
7154
4454
3532
4363
8108
3129
8836
2760
5565
6651
9447
1123
4011
5470
3789
6090
8061
8524
1107
5112
0008
4558
4970
1092
5152
2190
1995
3366
4157
3639
3216
9761
7025
0474
2000
8119
8924
6979
2567
8067
0892
0614
2402
9234
1776
1163
2734
1763
8202
0965
4123
4591
2394
3837
7578
6398
2356
5662
5365
4078
9787
8745
1917
4704
7483
0606
8054
5404
7698
7131
9284
1422
7117
8005
2588
9060
7127
8182
4153
8877
6713
0553
3550
2315
4398
9714
7890
8929
2196
1390
0973
9599
0186
7413
6402
3950
7905
2022
2071
0245
7461
7569
8738
0832
8876
4927
6238
5965
5944
4506
6788
1847
9749
1356
6061
2340
4861
7651
5446
1302
4157
1529
9420
4486
0653
2709
1587
7361
0140
3998
5933
6725
4556
0772
8573
7980
2190
1276
1095
0920
2958
5518
7272
5983
2082
6780
8747
1555
7628
3290
3219
9808
1879
3715
4503
6120
2580
5107
0280
9560
5734
5755
0257
4536
1412
5543
8779
6542
8317
3514
2548
4952
0673
8472
1819
4131
3719
2942
0209
2448
5398
6910
0992
5503
5929
9381
9834
4720
9583
1410
0410
3299
0392
8618
1623
6198
5455
0869
1698
9405
9906
8042
1350
0236
2133
0803
0072
5580
1603
5293
0550
7571
8640
6201
3664
0339
3804
0985
9449
3332
4138
4140
2255
8861
6744
1083
0889
7061
0199
0371
7563
5905
6529
7830
5905
0693
9239
4580
1256
3295
1283
9227
8609
5076
1140
0721
6801
3803
9927
2004
1663
7834
2029
0462
6755
0208
4349
9295
4878
5310
2468
2311
1728
4593
7460
9641
1664
4159
6122
9286
4173
2228
9097
2246
1965
5948
2763
0206
5546
6283
5650
9715
6291
9708
9584
3861
1660
0511
2466
3800
1917
4728
9631
7904
4667
3238
8899
2949
7270
5760
5767
6273
3831
9319
7225
7332
2466
4002
5607
9033
0161
0159
2023
1334
6347
3266
0905
9092
2608
2165
4508
7247
4611
1934
9598
7461
3660
8825
3976
9335
5646
8995
7243
4296
9271
9642
0316
5722
5158
8654
8936
3447
6030
1479
1480
1726
1891
8424
8945
4463
0360
9549
0819
7771
5987
6374
6363
5929
2194
4788
2745
3096
1219
4653
1850
2298
7431
5800
9946
5219
6592
6614
8704
5414
3657
3828
4469
0154
6173
9613
7203
8459
3567
7948
6980
7303
6120
0329
4463
8438
3332
1001
2190
9547
1607
1895
6967
8312
5906
9613
9079
4650
7596
8503
2489
3227
1438
1691
7281
0762
9497
7954
6946
6980
0460
4632
1648
8794
1049
1679
8975
4756
9718
9329
8994
7802
8708
2714
8836
3328
9101
1033
8690
5551
4961
9462
1183
2586
4575
5998
8678
0403
2584
6313
5528
0561
4387
6091
4261
3451
1088
5595
8292
2061
7428
0858
8454
0770
3156
9164
5924
0201
9313
0313
8366
1570
1443
0235
0677
2146
1706
7983
4348
4184
5975
5930
3614
4376
6592
8030
0101
6275
6975
1165
1348
2168
2117
3111
6650
1296
7087
8900
5551
3653
3958
1383
4626
9061
6845
4394
0176
9655
8273
1469
4135
9321
0635
6419
2412
1010
0667
2601
2461
0521
6497
9220
5932
1533
7330
0065
2734
9880
5833
7952
2813
6901
2803
1844
9227
0951
6936
6660
0513
7504
0384
3350
3127
5740
4573
9141
3673
0457
5322
1171
6021
3238
8945
4512
4835
1249
6193
7678
6642
1420
4544
4097
8886
3945
3504
4060
2541
2870
8989
0728
4747
1032
3722
1426
2252
1620
8996
2143
2460
7349
4391
1555
9618
2501
9575
1849
4157
5360
2493
8361
4153
0146
8790
1796
2722
7280
8840
9609
7410
2563
3471
9750
9252
4675
7407
9940
0452
7247
9384
2448
9920
8186
4054
3553
1787
9092
9605
0558
3316
7009
6822
6508
3516
1316
1194
0032
2123
5724
1169
3745
0834
0482
0666
5855
6487
5822
4594
5127
2511
2851
2726
6536
2204
2420
1157
3414
6302
8678
7305
9425
7811
9517
5982
7416
2677
1213
4795
3386
9893
1048
0736
0939
9509
8104
1282
5087
9452
0959
9098
5207
3999
2453
6429
2638
1541
1371
9350
9373
0014
6861
6904
8982
5372
5304
0808
1146
8199
1600
2456
9275
4924
9661
5683
0420
1520
6246
5846
3552
1690
3979
9860
6531
6327
6641
7723
1811
3477
0994
0179
7800
7780
5812
1370
5365
5355
2510
2797
6970
4658
3577
0230
3488
9415
7071
0956
6778
0189
5660
2536
7412
2827
1729
5394
5756
3375
1487
9799
1801
4100
7430
5847
8133
5849
3183
7944
0309
7657
8373
5797
7839
2468
3728
8446
6328
0570
7276
4935
7678
2998
3668
6576
8437
0260
4609
7650
0438
3182
1314
4586
6560
2812
1455
5368
5176
0163
5962
9837
8383
9948
7542
8775
8690
0061
9658
3402
2021
9986
7830
5580
1687
4354
1385
4698
6766
4701
8742
2615
4581
6255
2555
2746
3955
2326
5714
2877
8487
3595
6621
6218
6987
5980
2073
5821
0907
7251
0001
0126
9304
1496
9240
3199
3816
0054
2638
6826
9830
0176
2121
9707
2490
1717
6038
9216
4683
0357
3032
3168
9618
5945
5885
3308
9124
0050
5890
3373
2317
0781
7180
7924
2522
2238
3880
1533
3838
6671
0591
9934
7890
4019
2915
7925
1061
6702
0246
4901
9502
3472
3643
0617
8249
6713
1045
6058
5085
6994
8641
8528
5510
7092
1876
2069
4389
5439
7074
1133
2429
1087
1119
1414
9580
4113
8393
1388
7489
6959
3596
9439
4774
1557
9651
1947
1591
4011
4871
2619
3534
0506
0757
5198
9518
4012
8562
6563
4911
4869
3243
7666
7792
3732
2206
5709
6366
1651
8776
4876
2647
0708
1077
3974
2461
2265
7795
7315
3302
6735
9475
0956
1510
9278
3934
7951
4280
7380
7195
2464
2467
7608
4220
7467
9038
0883
1774
8768
7004
5594
0608
2750
6620
4778
5927
1157
9044
9332
7770
3689
0714
6855
9677
6684
5026
8089
6192
0936
0035
8878
4298
1244
5496
5738
9244
3675
7265
8514
4313
6960
1394
3765
1699
8946
8716
6789
9638
9599
4920
4271
8362
5922
5917
4351
4094
2472
9555
2259
5733
1735
5151
5430
1874
1428
5267
5739
2197
2862
0014
5071
2565
3704
6723
1753
7870
0838
4685
0201
3041
9422
0546
4674
5773
3993
7449
0589
5136
5259
5088
7647
2627
1967
2762
5345
1266
4731
8653
6318
1594
5639
4045
7611
5839
1153
1327
5691
3440
0915
2265
0940
9676
2254
3668
8675
9151
2999
0293
3862
7924
9638
4445
6201
4352
6684
2441
9400
6525
9920
5360
2268
8905
8819
5334
8436
3383
7423
5285
3339
7361
8477
0099
9094
6878
5681
8718
7726
1202
7614
5875
4936
9690
0025
6050
0410
8567
7745
0212
2534
5501
6180
0692
1695
1929
3254
9076
1231
9325
4909
2593
1913
7686
0717
7128
4450
3009
1574
9106
1046
0353
3180
3156
5959
0375
4021
6701
3301
4801
0446
6854
3837
7065
9746
0017
0475
8637
3227
6910
9378
7733
4741
0079
0257
5418
5486
0431
3717
0221
4989
9386
6710
6899
7381
1998
1551
0943
3509
4943
1222
9988
4112
4052
7642
3884
5587
1531
3340
7188
2600
9691
3193
6470
6781
9088
4986
6197
4675
6298
0538
6153
5265
6942
0566
8545
3028
8706
7716
1697
6335
6005
6597
5706
4280
8250
9668
1336
4635
1808
0024
2064
3129
4721
9911
7194
9629
2111
8799
4761
6377
8555
2708
2237
3244
4760
1772
7635
8048
4350
0159
0109
4623
9638
9628
0938
0520
6795
2562
6906
2103
4707
6340
3468
6144
1291
6476
2587
0620
4469
9396
4343
2724
9155
0496
3699
5734
0347
0032
3921
2720
9213
4281
1300
6459
8421
8284
6536
8605
1793
8668
0794
1934
2463
1423
0704
0871
5135
1208
0813
1362
1543
0559
1729
9279
2044
1095
1251
1047
7893
3901
1795
5214
1711
9640
4790
1436
6081
4933
6306
8350
1795
4489
6989
1268
0140
4940
6021
4424
1207
7673
6601
9432
7089
4927
6655
1187
3150
0314
9393
3459
3339
4168
0286
6048
0562
2726
4979
5110
3630
1401
5918
7455
4570
