256 0.000004 0.012466
0.000004
0.000005
0.000005
0.000006
0.000007
0.000008
0.000009
0.000010
0.000011
0.000012
0.000014
0.000016
0.000017
0.000020
0.000022
0.000024
0.000027
0.000030
0.000034
0.000038
0.000042
0.000047
0.000052
0.000057
0.000063
0.000070
0.000078
0.000086
0.000094
0.000104
0.000115
0.000126
0.000138
0.000152
0.000167
0.000183
0.000200
0.000219
0.000239
0.000261
0.000284
0.000310
0.000337
0.000366
0.000398
0.000431
0.000468
0.000506
0.000548
0.000592
0.000639
0.000689
0.000743
0.000800
0.000860
0.000924
0.000992
0.001064
0.001139
0.001219
0.001304
0.001393
0.001486
0.001584
0.001687
0.001795
0.001908
0.002026
0.002149
0.002278
0.002412
0.002551
0.002696
0.002846
0.003002
0.003163
0.003329
0.003501
0.003678
0.003860
0.004047
0.004239
0.004436
0.004638
0.004844
0.005054
0.005268
0.005486
0.005707
0.005932
0.006159
0.006389
0.006621
0.006854
0.007089
0.007325
0.007561
0.007797
0.008033
0.008268
0.008501
0.008733
0.008962
0.009188
0.009410
0.009628
0.009842
0.010051
0.010254
0.010452
0.010642
0.010826
0.011001
0.011169
0.011329
0.011479
0.011620
0.011751
0.011872
0.011983
0.012083
0.012172
0.012249
0.012315
0.012369
0.012412
0.012442
0.012460
0.012466
0.012460
0.012442
0.012412
0.012369
0.012315
0.012249
0.012172
0.012083
0.011983
0.011872
0.011751
0.011620
0.011479
0.011329
0.011169
0.011001
0.010826
0.010642
0.010452
0.010254
0.010051
0.009842
0.009628
0.009410
0.009188
0.008962
0.008733
0.008501
0.008268
0.008033
0.007797
0.007561
0.007325
0.007089
0.006854
0.006621
0.006389
0.006159
0.005932
0.005707
0.005486
0.005268
0.005054
0.004844
0.004638
0.004436
0.004239
0.004047
0.003860
0.003678
0.003501
0.003329
0.003163
0.003002
0.002846
0.002696
0.002551
0.002412
0.002278
0.002149
0.002026
0.001908
0.001795
0.001687
0.001584
0.001486
0.001393
0.001304
0.001219
0.001139
0.001064
0.000992
0.000924
0.000860
0.000800
0.000743
0.000689
0.000639
0.000592
0.000548
0.000506
0.000468
0.000431
0.000398
0.000366
0.000337
0.000310
0.000284
0.000261
0.000239
0.000219
0.000200
0.000183
0.000167
0.000152
0.000138
0.000126
0.000115
0.000104
0.000094
0.000086
0.000078
0.000070
0.000063
0.000057
0.000052
0.000047
0.000042
0.000038
0.000034
0.000030
0.000027
0.000024
0.000022
0.000020
0.000017
0.000016
0.000014
0.000012
0.000011
0.000010
0.000009
0.000008
0.000007
0.000006
0.000005
0.000005
