256 0.000000 1.000000
0.000000
0.000152
0.000607
0.001365
0.002427
0.003790
0.005454
0.007419
0.009683
0.012244
0.015102
0.018253
0.021698
0.025433
0.029455
0.033764
0.038355
0.043227
0.048376
0.053800
0.059494
0.065456
0.071681
0.078166
0.084908
0.091902
0.099143
0.106628
0.114351
0.122309
0.130496
0.138907
0.147537
0.156382
0.165435
0.174691
0.184144
0.193790
0.203621
0.213632
0.223818
0.234170
0.244684
0.255354
0.266171
0.277131
0.288226
0.299449
0.310794
0.322255
0.333823
0.345492
0.357254
0.369104
0.381032
0.393033
0.405099
0.417223
0.429397
0.441614
0.453866
0.466146
0.478447
0.490761
0.503080
0.515398
0.527706
0.539997
0.552264
0.564500
0.576696
0.588845
0.600941
0.612976
0.624941
0.636831
0.648638
0.660355
0.671974
0.683489
0.694893
0.706178
0.717338
0.728366
0.739256
0.750000
0.760592
0.771027
0.781296
0.791395
0.801317
0.811056
0.820607
0.829962
0.839118
0.848067
0.856805
0.865327
0.873626
0.881699
0.889540
0.897145
0.904508
0.911626
0.918495
0.925109
0.931464
0.937558
0.943387
0.948946
0.954233
0.959243
0.963976
0.968426
0.972592
0.976471
0.980061
0.983359
0.986364
0.989074
0.991487
0.993601
0.995416
0.996930
0.998142
0.999052
0.999659
0.999962
0.999962
0.999659
0.999052
0.998142
0.996930
0.995416
0.993601
0.991487
0.989074
0.986364
0.983359
0.980061
0.976471
0.972592
0.968426
0.963976
0.959243
0.954233
0.948946
0.943387
0.937558
0.931464
0.925109
0.918495
0.911626
0.904508
0.897145
0.889540
0.881699
0.873626
0.865327
0.856805
0.848067
0.839118
0.829962
0.820607
0.811056
0.801317
0.791395
0.781296
0.771027
0.760592
0.750000
0.739256
0.728366
0.717338
0.706178
0.694893
0.683489
0.671974
0.660355
0.648638
0.636831
0.624941
0.612976
0.600941
0.588845
0.576696
0.564500
0.552264
0.539997
0.527706
0.515398
0.503080
0.490761
0.478447
0.466146
0.453866
0.441614
0.429397
0.417223
0.405099
0.393033
0.381032
0.369104
0.357254
0.345492
0.333823
0.322255
0.310794
0.299449
0.288226
0.277131
0.266171
0.255354
0.244684
0.234170
0.223818
0.213632
0.203621
0.193790
0.184144
0.174691
0.165435
0.156382
0.147537
0.138907
0.130496
0.122309
0.114351
0.106628
0.099143
0.091902
0.084908
0.078166
0.071681
0.065456
0.059494
0.053800
0.048376
0.043227
0.038355
0.033764
0.029455
0.025433
0.021698
0.018253
0.015102
0.012244
0.009683
0.007419
0.005454
0.003790
0.002427
0.001365
0.000607
0.000152
0.000000
