256 -0.014673 0.026876
-0.004726
0.014158
0.009339
0.000602
0.014529
0.000220
0.003921
-0.003996
0.008736
-0.006949
-0.010730
-0.001921
0.009446
-0.003483
0.003275
-0.000225
0.003037
-0.009145
0.002099
0.006931
0.004002
0.001575
-0.012704
0.005704
0.006425
-0.006232
-0.003429
0.009045
-0.001676
-0.002158
0.000377
-0.004364
-0.001445
-0.012451
0.001546
-0.010232
0.000963
0.006296
-0.009869
0.005558
-0.004541
0.002640
-0.009351
0.013962
0.010730
-0.009070
0.003917
-0.013971
-0.011750
-0.001975
-0.009336
-0.009193
0.002287
-0.007993
-0.000888
0.011367
0.005595
0.003863
0.013694
-0.002640
0.005478
0.008041
-0.012868
-0.002435
-0.000090
0.012833
-0.006968
-0.009156
0.008405
0.016526
0.001191
0.008960
0.007312
0.010239
-0.007191
-0.010315
0.014240
0.013411
0.007798
0.013637
0.011292
-0.007151
0.001352
0.003288
0.011786
0.011309
0.002004
0.017578
0.020164
0.006492
-0.001689
0.010567
0.009783
-0.003533
0.016405
0.007574
-0.001757
0.022390
-0.004456
0.017234
0.014986
-0.005501
0.013906
0.002900
0.010810
0.012299
0.021763
0.011862
0.014015
0.004895
0.024262
0.005766
0.012853
0.012390
0.020974
0.000731
0.018979
0.014305
0.014408
0.000551
0.001577
0.025935
0.024684
0.001446
0.026876
-0.001398
0.002538
0.001798
0.022690
0.004730
-0.002138
0.025298
0.012743
0.003679
0.025947
0.000950
0.000402
-0.000725
0.018638
0.018366
0.016532
0.004980
0.022575
0.021800
0.021171
-0.002361
0.011705
0.001330
0.023690
-0.004271
0.016272
0.014664
0.021138
0.023069
-0.004557
0.017982
-0.000541
0.003894
0.005784
0.009253
0.017277
0.010288
0.002758
0.012481
0.016906
0.007847
0.007448
0.016293
0.012308
0.000558
0.005664
-0.004665
-0.001318
-0.009189
0.011665
0.007891
-0.006665
-0.004513
-0.006365
0.018169
0.002582
0.014056
0.003139
0.006692
-0.005705
0.009625
-0.004271
0.017250
0.000858
0.008880
0.014888
0.013798
0.012155
-0.008163
-0.013501
0.005814
-0.006683
0.007372
0.006039
0.015472
-0.013099
0.005439
0.005661
0.015140
0.004187
0.001925
0.013378
0.008588
-0.004719
0.007092
0.011518
-0.005622
-0.007274
0.003508
0.006647
0.014848
-0.001720
0.004450
0.008137
-0.000862
0.007583
-0.001324
-0.012411
-0.006284
0.012358
-0.007465
-0.003739
0.008794
0.014893
-0.014673
0.002734
0.014121
0.014414
-0.001133
-0.012041
0.002553
0.000118
-0.002808
0.009916
-0.005129
0.000493
-0.002674
-0.004974
-0.005748
0.013633
-0.002921
-0.011448
0.003848
-0.011750
-0.009230
-0.008871
-0.004085
0.010051
-0.001141
-0.006343
0.005916
