256 -2 2
1
1.38148
1.70229
1.91306
1.98079
1.89391
1.66405
1.32423
0.92388
0.521306
0.174814
-0.0661509
-0.16853
-0.120672
0.0659037
0.358268
0.707107
1.05424
1.3415
1.51958
1.55557
1.43798
1.1785
0.810239
0.382683
-0.0457936
-0.416822
-0.680899
-0.80491
-0.777149
-0.60909
-0.333616
-1.1309e-014
0.333616
0.60909
0.777149
0.80491
0.680899
0.416822
0.0457936
-0.382683
-0.810239
-1.1785
-1.43798
-1.55557
-1.51958
-1.3415
-1.05424
-0.707107
-0.358268
-0.0659037
0.120672
0.16853
0.0661509
-0.174814
-0.521306
-0.92388
-1.32423
-1.66405
-1.89391
-1.98079
-1.91306
-1.70229
-1.38148
-1
-0.616112
-0.288078
-0.065297
0.0192147
-0.0461517
-0.249834
-0.558861
-0.92388
-1.28667
-1.58903
-1.78161
-1.83147
-1.72709
-1.48012
-1.12363
-0.707107
-0.288876
0.0727135
0.32818
0.44443
0.409777
0.23571
-0.0448717
-0.382683
-0.719573
-0.997391
-1.16686
-1.19509
-1.07061
-0.805124
-0.431751
-4.1622e-014
0.431751
0.805124
1.07061
1.19509
1.16686
0.997391
0.719573
0.382683
0.0448717
-0.23571
-0.409777
-0.44443
-0.32818
-0.0727135
0.288876
0.707107
1.12363
1.48012
1.72709
1.83147
1.78161
1.58903
1.28667
0.92388
0.558861
0.249834
0.0461517
-0.0192147
0.065297
0.288078
0.616112
1
1.38148
1.70229
1.91306
1.98079
1.89391
1.66405
1.32423
0.92388
0.521306
0.174814
-0.0661509
-0.16853
-0.120672
0.0659037
0.358268
0.707107
1.05424
1.3415
1.51958
1.55557
1.43798
1.1785
0.810239
0.382683
-0.0457936
-0.416822
-0.680899
-0.80491
-0.777149
-0.60909
-0.333616
-5.80993e-014
0.333616
0.60909
0.777149
0.80491
0.680899
0.416822
0.0457936
-0.382683
-0.810239
-1.1785
-1.43798
-1.55557
-1.51958
-1.3415
-1.05424
-0.707107
-0.358268
-0.0659037
0.120672
0.16853
0.0661509
-0.174814
-0.521306
-0.92388
-1.32423
-1.66405
-1.89391
-1.98079
-1.91306
-1.70229
-1.38148
-1
-0.616112
-0.288078
-0.065297
0.0192147
-0.0461517
-0.249834
-0.558861
-0.92388
-1.28667
-1.58903
-1.78161
-1.83147
-1.72709
-1.48012
-1.12363
-0.707107
-0.288876
0.0727135
0.32818
0.44443
0.409777
0.23571
-0.0448717
-0.382683
-0.719573
-0.997391
-1.16686
-1.19509
-1.07061
-0.805124
-0.431751
-9.97825e-014
0.431751
0.805124
1.07061
1.19509
1.16686
0.997391
0.719573
0.382683
0.0448717
-0.23571
-0.409777
-0.44443
-0.32818
-0.0727135
0.288876
0.707107
1.12363
1.48012
1.72709
1.83147
1.78161
1.58903
1.28667
0.92388
0.558861
0.249834
0.0461517
-0.0192147
0.065297
0.288078
0.616112
